First Name, Count
Jacob,34460
Michael,32024
Matthew,28566
Joshua,27526
Christopher,24923
Nicholas,24649
Andrew,23627
Joseph,22809
Daniel,22300
Tyler,21499
William,20648
Brandon,20334
Ryan,20262
John,20073
Zachary,19848
David,19742
Anthony,19644
James,17972
Justin,17774
Alexander,17278
Jonathan,16873
Christian,16050
Austin,15941
Dylan,15396
Ethan,15221
Benjamin,14836
Noah,14260
Samuel,14154
Robert,13732
Nathan,13027
Cameron,12761
Kevin,12665
Thomas,12636
Jose,12579
Hunter,12534
Jordan,12164
Kyle,11964
Caleb,9857
Jason,9769
Logan,9736
Aaron,9548
Eric,9153
Brian,8952
Gabriel,8677
Adam,8131
Jack,8121
Isaiah,8026
Juan,7707
Luis,7655
Connor,7527
Charles,7523
Elijah,7463
Isaac,7427
Steven,7350
Evan,7330
Jared,7320
Sean,7315
Timothy,7254
Luke,7144
Cody,7131
Nathaniel,6798
Alex,6744
Seth,6714
Mason,6516
Richard,6349
Carlos,6314
Angel,6304
Patrick,6293
Devin,6152
Bryan,6137
Cole,5925
Jackson,5903
Ian,5886
Garrett,5839
Trevor,5744
Jesus,5675
Chase,5440
Adrian,5334
Mark,5223
Blake,5142
Sebastian,5026
Antonio,4887
Lucas,4818
Jeremy,4735
Gavin,4684
Miguel,4668
Julian,4589
Dakota,4553
Alejandro,4508
Jesse,4480
Dalton,4445
Bryce,4318
Tanner,4234
Kenneth,4148
Stephen,4131
Jake,4085
Victor,4048
Spencer,4043
Marcus,3794
Paul,3787
